[LEFT_CAM_2K]
cx=1112.37
cy=577.047
fx=1391.89
fy=1392.59
k1=-0.16649131853850563
k2=0.012775384670700843
k3=0.009074423303381905
p1=0.000286885415779246
p2=-0.0005858358143788869

[LEFT_CAM_FHD]
cx=968.372
cy=496.047
fx=1391.89
fy=1392.59
k1=-0.16649131853850563
k2=0.012775384670700843
k3=0.009074423303381905
p1=0.000286885415779246
p2=-0.0005858358143788869

[LEFT_CAM_HD]
cx=642.686
cy=336.524
fx=695.943
fy=696.294
k1=-0.16649131853850563
k2=0.012775384670700843
k3=0.009074423303381905
p1=0.000286885415779246
p2=-0.0005858358143788869

[LEFT_CAM_VGA]
cx=336.843
cy=175.762
fx=347.971
fy=348.147
k1=-0.16649131853850563
k2=0.012775384670700843
k3=0.009074423303381905
p1=0.000286885415779246
p2=-0.0005858358143788869

[LEFT_DISTO]
k1=0.3267413775822666
k2=-0.8867171961236624
k3=-0.19547440810276595
k4=0.48337423420424364
k5=-0.7719310812422039
k6=-0.4256244916856688
p1=0.000253055598762788
p2=-0.0006312439565056023

[MISC]
Sensor_ID=0

[RIGHT_CAM_2K]
cx=1093.87
cy=622.741
fx=1398.63
fy=1399.54
k1=-0.16785365565962448
k2=0.015367247811478621
k3=0.006068558673254045
p1=-0.0004954562168215774
p2=-0.0004519859550389168

[RIGHT_CAM_FHD]
cx=949.871
cy=541.741
fx=1398.63
fy=1399.54
k1=-0.16785365565962448
k2=0.015367247811478621
k3=0.006068558673254045
p1=-0.0004954562168215774
p2=-0.0004519859550389168

[RIGHT_CAM_HD]
cx=633.435
cy=359.371
fx=699.316
fy=699.77
k1=-0.16785365565962448
k2=0.015367247811478621
k3=0.006068558673254045
p1=-0.0004954562168215774
p2=-0.0004519859550389168

[RIGHT_CAM_VGA]
cx=332.218
cy=187.185
fx=349.658
fy=349.885
k1=-0.16785365565962448
k2=0.015367247811478621
k3=0.006068558673254045
p1=-0.0004954562168215774
p2=-0.0004519859550389168

[RIGHT_DISTO]
k1=3.957611528742648
k2=0.24721496685752337
k3=0.08479020262480183
k4=4.097203014224152
k5=1.0039073351668861
k6=0.08823662733660899
p1=-0.0004955798777956507
p2=-0.0003667165763871068

[STEREO]
Baseline=119.833
CV_2K=0.0185111
CV_FHD=0.0185111
CV_HD=0.0185111
CV_VGA=0.0185111
RX_2K=-0.00275859
RX_FHD=-0.00275859
RX_HD=-0.00275859
RX_VGA=-0.00275859
RZ_2K=-0.00179344
RZ_FHD=-0.00179344
RZ_HD=-0.00179344
RZ_VGA=-0.00179344
TY=0.344678
TZ=0.362332
