[LEFT_CAM_2K]
fx=1539.96
fy=1539.7
cx=1128.89
cy=589.313
k1=-0.0412966
k2=0.0542067
k3=-0.0711518
k4=0.0437529

[RIGHT_CAM_2K]
fx=1544
fy=1543.33
cx=1067.91
cy=645.784
k1=-0.040146
k2=0.0474921
k3=-0.0544508
k4=0.0323335

[LEFT_CAM_FHD]
fx=1539.96
fy=1539.7
cx=984.89
cy=508.313
k1=-0.0412966
k2=0.0542067
k3=-0.0711518
k4=0.0437529

[RIGHT_CAM_FHD]
fx=1544
fy=1543.33
cx=923.91
cy=564.784
k1=-0.040146
k2=0.0474921
k3=-0.0544508
k4=0.0323335

[LEFT_CAM_HD]
fx=769.98
fy=769.85
cx=650.945
cy=342.6565
k1=-0.0412966
k2=0.0542067
k3=-0.0711518
k4=0.0437529

[RIGHT_CAM_HD]
fx=772
fy=771.665
cx=620.455
cy=370.892
k1=-0.040146
k2=0.0474921
k3=-0.0544508
k4=0.0323335

[LEFT_CAM_VGA]
fx=384.99
fy=384.925
cx=340.9725
cy=178.82825
k1=-0.0412966
k2=0.0542067
k3=-0.0711518
k4=0.0437529

[RIGHT_CAM_VGA]
fx=386
fy=385.8325
cx=325.7275
cy=192.946
k1=-0.040146
k2=0.0474921
k3=-0.0544508
k4=0.0323335

[STEREO]
Baseline=63.0002
TY=0.0243176
TZ=-0.504612
CV_2K=0.00865078
CV_FHD=0.00865078
CV_HD=0.00865078
CV_VGA=0.00865078
RX_2K=0.00216228
RX_FHD=0.00216228
RX_HD=0.00216228
RX_VGA=0.00216228
RZ_2K=0.00108962
RZ_FHD=0.00108962
RZ_HD=0.00108962
RZ_VGA=0.00108962

[MISC]
Sensor_ID=0

